0
0
0
100
1
Pressed
2.1001
607
242
Released
0.046
607
242
Pressed
5.2577
54
346
Released
0.0701
54
346
Pressed
4.5481
693
110
Released
0.0461
693
110
Pressed
2.9997
298
378
Released
0.054
298
378
Pressed
1.9702
686
381
Released
0.0538
686
381
Pressed
3.5547
45
53
Released
0.0553
45
53
Pressed
2.0301
45
53
Released
0.056
45
53
Pressed
2.182
43
53
Released
0.0439
43
53
Pressed
4.0861
200
364
Released
0.0619
200
364
Pressed
2.3361
73
165
Released
0.0482
73
165
Pressed
2.4198
574
126
Released
0.04
574
126
Pressed
11.1881
677
393
Released
0.0619
677
393
Pressed
7.6723
678
396
Released
0.0697
678
396
Pressed
11.074
678
397
Released
0.0678
678
397
Pressed
8.0603
698
399
Released
0.0539
698
399
Pressed
8.612
697
389
Released
0.052
697
389
Pressed
7.548
697
389
Released
0.0623
697
389
Pressed
8.7116
697
389
Released
0.0699
697
389
Pressed
9.554
697
389
Released
0.0541
697
389
Pressed
7.5941
697
389
Released
0.0697
697
389
Pressed
8.376
697
389
Released
0.0715
697
389
Pressed
6.3885
697
389
Released
0.0939
697
389
Pressed
10.2261
50
55
Released
0.0859
50
55
Pressed
2.9144
484
312
Released
0.0725
484
312
Pressed
13.591
53
54
Released
0.0644
53
54
Pressed
3.2175
586
323
Released
0.062
586
323
Pressed
3.5701
201
249
Released
0.0642
201
249
Pressed
5.6077
709
57
Released
0.0559
709
57
Pressed
4.132
705
56
Released
0.078
705
56
Pressed
5.8519
705
55
Released
0.0541
705
55
Pressed
5.6719
679
58
Released
0.078
679
58
Pressed
2.344
557
254
Released
0.0541
557
254
Pressed
2.8539
706
57
Released
0.0686
706
57
Pressed
3.1795
706
57
Released
0.054
706
57
Pressed
6.1259
706
57
Released
0.0561
706
57
Pressed
2.6479
207
415
Released
0.062
207
415
Pressed
3.836
709
58
Released
0.0541
709
58
Pressed
3.8779
709
58
Released
0.068
709
58
Pressed
3.2581
708
57
Released
0.0702
708
57
Pressed
5.0379
707
57
Released
0.0704
707
57
Pressed
1.9374
560
412
Released
0.0541
560
412
Pressed
2.9619
710
60
Released
0.0402
710
60
Pressed
3.4139
710
60
Released
0.0539
710
60
Pressed
5.1562
710
60
Released
0.0623
710
60
Pressed
4.9552
709
60
Released
0.0524
709
60
Pressed
2.5159
51
59
Released
0.0402
51
59
Pressed
3.0917
602
395
Released
0.062
602
395
Pressed
6.3549
94
100
Released
0.0451
94
100
Pressed
3.968
644
367
Released
2.492
620
91
Pressed
1.4922
387
372
Released
0.0821
387
372
Pressed
2.4417
289
154
Released
0.0879
289
154
Pressed
1.06
288
309
Released
0.0949
288
309
Pressed
1.0532
355
313
Released
0.0721
355
313
Pressed
0.8441
367
147
Released
0.0699
367
147
Pressed
1.0779
441
143
Released
0.07
441
143
Pressed
0.922
451
313
Released
0.07
451
313
Pressed
1.2049
526
305
Released
0.0535
526
305
Pressed
0.8594
522
165
Released
0.0623
522
165
Pressed
0.9681
598
160
Released
0.0558
598
160
Pressed
0.8899
607
302
Released
0.046
607
302
Pressed
1.32
680
421
Released
0.048
680
421
Pressed
4.352
527
422
Released
0.0681
527
422
Pressed
3.1041
305
391
Released
1.5857
306
178
Pressed
0.678
311
412
Released
1.422
312
184
Pressed
0.9621
318
380
Released
1.5619
320
171
Pressed
1.1559
326
369
Released
1.2581
329
217
Pressed
1.9799
387
141
Released
0.0441
387
141
Pressed
2.188
272
155
Released
0.0467
272
155
Pressed
0.9293
286
305
Released
0.0699
286
305
Pressed
1.1018
371
299
Released
0.0541
371
299
Pressed
1.0159
370
142
Released
0.0542
370
142
Pressed
1.008
448
147
Released
0.0539
448
147
Pressed
0.9308
447
320
Released
0.0614
447
320
Pressed
0.7518
530
305
Released
0.0622
530
305
Pressed
0.78
528
131
Released
0.0479
528
131
Pressed
0.7199
614
134
Released
0.038
614
134
Pressed
0.7799
609
309
Released
0.0654
609
309
Pressed
1.0288
682
423
Released
0.04
682
423
Pressed
1.3979
532
424
Released
0.0578
532
424
Pressed
3.8103
313
362
Released
1.2959
306
165
Pressed
0.5702
316
371
Released
0.7977
306
135
Pressed
0.9439
315
354
Released
0.9781
303
153
Pressed
1.812
387
168
Released
0.046
387
168
Pressed
1.8899
271
173
Released
0.0484
271
173
Pressed
0.9516
272
298
Released
0.0649
272
298
Pressed
0.7251
356
295
Released
0.0541
356
295
Pressed
0.672
365
146
Released
0.058
365
146
Pressed
0.6921
441
143
Released
0.0559
441
143
Pressed
0.8429
452
311
Released
0.0715
452
311
Pressed
0.6316
521
304
Released
0.0701
521
304
Pressed
0.64
515
151
Released
0.056
515
151
Pressed
1.1961
607
157
Released
0.0459
607
157
Pressed
0.9839
609
307
Released
0.0542
609
308
Pressed
1.0238
682
426
Released
0.0624
682
426
Pressed
3.8136
395
380
Released
0.0621
395
380
Pressed
2.0878
285
156
Released
0.06
285
156
Pressed
0.853
277
306
Released
0.0539
277
306
Pressed
0.8511
367
303
Released
0.0699
367
303
Pressed
0.734
362
137
Released
0.0399
362
137
Pressed
0.9221
451
145
Released
0.0459
451
145
Pressed
0.908
450
300
Released
0.062
450
300
Pressed
0.804
527
304
Released
0.07
527
304
Pressed
1.016
523
133
Released
0.048
523
133
Pressed
0.756
618
147
Released
0.0642
618
146
Pressed
0.9598
611
306
Released
0.0579
611
306
Pressed
1.418
681
424
Released
0.0566
681
424
