3
1
2
100
1
Pressed
1.1106
1042
209
Released
0.0501
1042
209
Pressed
1.8031
1445
403
Released
0.0548
1445
403
Pressed
1.953
1434
409
Released
0.035
1434
409
Pressed
3.545
1042
208
Released
0.045
1042
208
Pressed
1.1371
1042
208
Released
0.065
1042
208
Pressed
1.842
1454
356
Released
0.0499
1454
356
Pressed
2.754
822
376
Released
0.0511
822
375
Pressed
2.108
1207
409
Released
0.0549
1207
409
Pressed
2.143
1124
345
Released
0.045
1124
345
Pressed
1.452
1458
407
Released
0.0511
1458
407
Pressed
83.1622
1254
56
Released
0.0748
1254
56
Pressed
3.5201
1254
56
Released
0.045
1254
56
Pressed
1.7579
1174
57
Released
0.05
1174
57
Pressed
1.773
1178
55
Released
0.055
1178
55
Pressed
4.7771
1178
55
Released
0.0499
1178
55
Pressed
3.886
1164
59
Released
0.0549
1164
59
Pressed
2.1531
1117
166
Released
0.05
1117
166
Pressed
1.7829
1352
380
Released
0.0701
1352
380
Pressed
6.3989
1142
46
Released
0.0752
1142
46
