0
0
0
100
1
Pressed
1.1462
1409
384
Released
0.0335
1409
384
Pressed
1.6162
1212
321
Released
0.0638
1212
321
Pressed
26.08
1131
58
Released
0.072
1131
58
Pressed
5.096
1131
58
Released
0.08
1131
58
Pressed
1.768
1213
322
Released
0.088
1213
322
Pressed
28.3279
1124
65
Released
0.0647
1125
64
Pressed
3.7193
1125
64
Released
0.04
1125
64
Pressed
1.5841
1217
320
Released
0.064
1217
320
Pressed
27.7359
1160
87
Released
0.0481
1160
87
Pressed
3.504
1158
79
Released
0.056
1158
79
Pressed
1.48
1200
323
Released
0.0719
1200
323
Pressed
26.32
1146
51
Released
0.048
1146
51
Pressed
9.176
1146
57
Released
0.08
1146
57
Pressed
1.8322
914
175
Released
0.0719
914
175
Pressed
2.3999
1181
342
Released
0.08
1181
342
Pressed
1.8881
1308
365
Released
0.0639
1308
365
Pressed
2.8084
1202
317
Released
0.0804
1202
317
Pressed
14.4953
1148
61
Released
0.0479
1148
61
Pressed
1.536
1199
318
Released
0.072
1199
318
Pressed
12.3125
1166
67
Released
0.0794
1166
67
Pressed
2.0804
1204
319
Released
0.0796
1204
319
Pressed
13.1359
1183
78
Released
0.0721
1183
78
Pressed
1.416
1208
323
Released
0.0639
1208
323
Pressed
12.352
1158
75
Released
0.056
1158
75
Pressed
2.2247
1068
325
Released
0.0478
1068
325
