5
1
3
100
1
Pressed
1.6766
948
363
Released
0.0801
948
363
Pressed
3.2178
908
395
Released
0.07
908
395
Pressed
9.5548
906
231
Released
0.0633
906
231
Pressed
3.7342
1457
202
Released
0.0697
1457
202
Pressed
1.6961
1129
316
Released
0.0704
1129
316
Pressed
2.9056
1230
143
Released
0.0699
1230
143
Pressed
2.0783
1294
429
Released
0.0617
1294
429
Pressed
2.344
1238
355
Released
0.0623
1238
354
Pressed
3.1433
827
62
Released
0.0444
827
62
Pressed
11.4697
951
361
Released
0.1945
951
361
Pressed
3.1419
1428
402
Released
0.0551
1428
402
Pressed
2.4827
1448
355
Released
0.0621
1448
355
Pressed
5.6429
1112
80
Released
0.0617
1112
80
Pressed
3.038
1436
398
Released
0.0772
1436
398
Pressed
2.6262
1433
404
Released
0.0617
1433
404
Pressed
4.0863
1450
352
Released
0.0617
1450
352
Pressed
1.9762
1450
352
Released
0.088
1450
352
Pressed
2.9791
1450
363
Released
0.0766
1450
363
Pressed
3.4622
1446
354
Released
0.0741
1446
354
Pressed
3.7047
1346
401
Released
0.0532
1346
401
Pressed
2.6178
1212
320
Released
0.0623
1212
320
Pressed
4.2129
823
377
Released
0.0911
823
377
Pressed
3.298
951
361
Released
0.0618
951
361
Pressed
2.626
941
269
Released
0.0631
941
269
Pressed
2.666
1034
147
Released
0.051
1034
147
Pressed
2.4227
1451
409
Released
0.0623
1451
409
Pressed
134.5398
953
57
Released
0.0624
953
57
Pressed
5.5501
1049
312
Released
0.0165
1049
312
Pressed
9.2371
859
265
Released
0.0863
859
265
